{
 "cells": [
  {
   "cell_type": "markdown",
   "id": "0bf13b3a",
   "metadata": {},
   "source": [
    "## Table of Content\n",
    "1.Importing libraries and data\n",
    "2. Correlation Matrix\n",
    "3. Scatterplot\n",
    "4. Pair plots\n",
    "5. Categorical plot\n",
    "6. Questions and Answers\n",
    "7. Hypothesis\n",
    "8. Export Data"
   ]
  },
  {
   "cell_type": "markdown",
   "id": "f659a2a0",
   "metadata": {},
   "source": [
    "# 1. Importing libraries and data"
   ]
  },
  {
   "cell_type": "code",
   "execution_count": 2,
   "id": "9eb767f6",
   "metadata": {},
   "outputs": [],
   "source": [
    "import pandas as pd\n",
    "import numpy as np\n",
    "import seaborn as sns\n",
    "import matplotlib.pyplot as plt\n",
    "import matplotlib\n",
    "import os"
   ]
  },
  {
   "cell_type": "code",
   "execution_count": 3,
   "id": "0276140f",
   "metadata": {},
   "outputs": [
    {
     "data": {
      "text/plain": [
       "'3.5.1'"
      ]
     },
     "execution_count": 3,
     "metadata": {},
     "output_type": "execute_result"
    }
   ],
   "source": [
    "matplotlib.__version__"
   ]
  },
  {
   "cell_type": "code",
   "execution_count": 4,
   "id": "dcdeb140",
   "metadata": {},
   "outputs": [],
   "source": [
    "# define path\n",
    "path=r' C:\\Users\\cmas9\\OneDrive\\Documents\\Master folder\\House Sales in King County'"
   ]
  },
  {
   "cell_type": "code",
   "execution_count": 5,
   "id": "094ecafc",
   "metadata": {},
   "outputs": [],
   "source": [
    "#import data\n",
    "df = pd.read_csv(r'C:\\Users\\cmas9\\OneDrive\\Documents\\Master folder\\House Sales in King County\\Data\\Adjusted Data\\kc_house_data.csv')"
   ]
  },
  {
   "cell_type": "code",
   "execution_count": 6,
   "id": "1449a0b3",
   "metadata": {},
   "outputs": [
    {
     "name": "stdout",
     "output_type": "stream",
     "text": [
      "       Unnamed: 0          id date_of_sale     price  bedrooms  bathrooms  \\\n",
      "0               0  7129300520   2014-10-13  221900.0         3       1.00   \n",
      "1               1  6414100192   2014-12-09  538000.0         3       2.25   \n",
      "2               2  5631500400   2015-02-25  180000.0         2       1.00   \n",
      "3               3  2487200875   2014-12-09  604000.0         4       3.00   \n",
      "4               4  1954400510   2015-02-18  510000.0         3       2.00   \n",
      "...           ...         ...          ...       ...       ...        ...   \n",
      "21608       21608   263000018   2014-05-21  360000.0         3       2.50   \n",
      "21609       21609  6600060120   2015-02-23  400000.0         4       2.50   \n",
      "21610       21610  1523300141   2014-06-23  402101.0         2       0.75   \n",
      "21611       21611   291310100   2015-01-16  400000.0         3       2.50   \n",
      "21612       21612  1523300157   2014-10-15  325000.0         2       0.75   \n",
      "\n",
      "       sqft_living  sqft_lot  floors  waterfront  view  condition  grade  \\\n",
      "0             1180      5650     1.0           0     0          3      7   \n",
      "1             2570      7242     2.0           0     0          3      7   \n",
      "2              770     10000     1.0           0     0          3      6   \n",
      "3             1960      5000     1.0           0     0          5      7   \n",
      "4             1680      8080     1.0           0     0          3      8   \n",
      "...            ...       ...     ...         ...   ...        ...    ...   \n",
      "21608         1530      1131     3.0           0     0          3      8   \n",
      "21609         2310      5813     2.0           0     0          3      8   \n",
      "21610         1020      1350     2.0           0     0          3      7   \n",
      "21611         1600      2388     2.0           0     0          3      8   \n",
      "21612         1020      1076     2.0           0     0          3      7   \n",
      "\n",
      "       sqft_above  sqft_basement  yr_built  yr_renovated  zipcode      lat  \\\n",
      "0            1180              0      1955             0    98178  47.5112   \n",
      "1            2170            400      1951          1991    98125  47.7210   \n",
      "2             770              0      1933             0    98028  47.7379   \n",
      "3            1050            910      1965             0    98136  47.5208   \n",
      "4            1680              0      1987             0    98074  47.6168   \n",
      "...           ...            ...       ...           ...      ...      ...   \n",
      "21608        1530              0      2009             0    98103  47.6993   \n",
      "21609        2310              0      2014             0    98146  47.5107   \n",
      "21610        1020              0      2009             0    98144  47.5944   \n",
      "21611        1600              0      2004             0    98027  47.5345   \n",
      "21612        1020              0      2008             0    98144  47.5941   \n",
      "\n",
      "          long  \n",
      "0     -122.257  \n",
      "1     -122.319  \n",
      "2     -122.233  \n",
      "3     -122.393  \n",
      "4     -122.045  \n",
      "...        ...  \n",
      "21608 -122.346  \n",
      "21609 -122.362  \n",
      "21610 -122.299  \n",
      "21611 -122.069  \n",
      "21612 -122.299  \n",
      "\n",
      "[21613 rows x 20 columns]\n"
     ]
    }
   ],
   "source": [
    "print(df)"
   ]
  },
  {
   "cell_type": "code",
   "execution_count": 7,
   "id": "833bf792",
   "metadata": {},
   "outputs": [
    {
     "data": {
      "text/plain": [
       "(21613, 20)"
      ]
     },
     "execution_count": 7,
     "metadata": {},
     "output_type": "execute_result"
    }
   ],
   "source": [
    "df.shape"
   ]
  },
  {
   "cell_type": "code",
   "execution_count": 8,
   "id": "893ba562",
   "metadata": {},
   "outputs": [
    {
     "data": {
      "text/html": [
       "<div>\n",
       "<style scoped>\n",
       "    .dataframe tbody tr th:only-of-type {\n",
       "        vertical-align: middle;\n",
       "    }\n",
       "\n",
       "    .dataframe tbody tr th {\n",
       "        vertical-align: top;\n",
       "    }\n",
       "\n",
       "    .dataframe thead th {\n",
       "        text-align: right;\n",
       "    }\n",
       "</style>\n",
       "<table border=\"1\" class=\"dataframe\">\n",
       "  <thead>\n",
       "    <tr style=\"text-align: right;\">\n",
       "      <th></th>\n",
       "      <th>Unnamed: 0</th>\n",
       "      <th>id</th>\n",
       "      <th>date_of_sale</th>\n",
       "      <th>price</th>\n",
       "      <th>bedrooms</th>\n",
       "      <th>bathrooms</th>\n",
       "      <th>sqft_living</th>\n",
       "      <th>sqft_lot</th>\n",
       "      <th>floors</th>\n",
       "      <th>waterfront</th>\n",
       "      <th>view</th>\n",
       "      <th>condition</th>\n",
       "      <th>grade</th>\n",
       "      <th>sqft_above</th>\n",
       "      <th>sqft_basement</th>\n",
       "      <th>yr_built</th>\n",
       "      <th>yr_renovated</th>\n",
       "      <th>zipcode</th>\n",
       "      <th>lat</th>\n",
       "      <th>long</th>\n",
       "    </tr>\n",
       "  </thead>\n",
       "  <tbody>\n",
       "    <tr>\n",
       "      <th>0</th>\n",
       "      <td>0</td>\n",
       "      <td>7129300520</td>\n",
       "      <td>2014-10-13</td>\n",
       "      <td>221900.0</td>\n",
       "      <td>3</td>\n",
       "      <td>1.00</td>\n",
       "      <td>1180</td>\n",
       "      <td>5650</td>\n",
       "      <td>1.0</td>\n",
       "      <td>0</td>\n",
       "      <td>0</td>\n",
       "      <td>3</td>\n",
       "      <td>7</td>\n",
       "      <td>1180</td>\n",
       "      <td>0</td>\n",
       "      <td>1955</td>\n",
       "      <td>0</td>\n",
       "      <td>98178</td>\n",
       "      <td>47.5112</td>\n",
       "      <td>-122.257</td>\n",
       "    </tr>\n",
       "    <tr>\n",
       "      <th>1</th>\n",
       "      <td>1</td>\n",
       "      <td>6414100192</td>\n",
       "      <td>2014-12-09</td>\n",
       "      <td>538000.0</td>\n",
       "      <td>3</td>\n",
       "      <td>2.25</td>\n",
       "      <td>2570</td>\n",
       "      <td>7242</td>\n",
       "      <td>2.0</td>\n",
       "      <td>0</td>\n",
       "      <td>0</td>\n",
       "      <td>3</td>\n",
       "      <td>7</td>\n",
       "      <td>2170</td>\n",
       "      <td>400</td>\n",
       "      <td>1951</td>\n",
       "      <td>1991</td>\n",
       "      <td>98125</td>\n",
       "      <td>47.7210</td>\n",
       "      <td>-122.319</td>\n",
       "    </tr>\n",
       "    <tr>\n",
       "      <th>2</th>\n",
       "      <td>2</td>\n",
       "      <td>5631500400</td>\n",
       "      <td>2015-02-25</td>\n",
       "      <td>180000.0</td>\n",
       "      <td>2</td>\n",
       "      <td>1.00</td>\n",
       "      <td>770</td>\n",
       "      <td>10000</td>\n",
       "      <td>1.0</td>\n",
       "      <td>0</td>\n",
       "      <td>0</td>\n",
       "      <td>3</td>\n",
       "      <td>6</td>\n",
       "      <td>770</td>\n",
       "      <td>0</td>\n",
       "      <td>1933</td>\n",
       "      <td>0</td>\n",
       "      <td>98028</td>\n",
       "      <td>47.7379</td>\n",
       "      <td>-122.233</td>\n",
       "    </tr>\n",
       "    <tr>\n",
       "      <th>3</th>\n",
       "      <td>3</td>\n",
       "      <td>2487200875</td>\n",
       "      <td>2014-12-09</td>\n",
       "      <td>604000.0</td>\n",
       "      <td>4</td>\n",
       "      <td>3.00</td>\n",
       "      <td>1960</td>\n",
       "      <td>5000</td>\n",
       "      <td>1.0</td>\n",
       "      <td>0</td>\n",
       "      <td>0</td>\n",
       "      <td>5</td>\n",
       "      <td>7</td>\n",
       "      <td>1050</td>\n",
       "      <td>910</td>\n",
       "      <td>1965</td>\n",
       "      <td>0</td>\n",
       "      <td>98136</td>\n",
       "      <td>47.5208</td>\n",
       "      <td>-122.393</td>\n",
       "    </tr>\n",
       "    <tr>\n",
       "      <th>4</th>\n",
       "      <td>4</td>\n",
       "      <td>1954400510</td>\n",
       "      <td>2015-02-18</td>\n",
       "      <td>510000.0</td>\n",
       "      <td>3</td>\n",
       "      <td>2.00</td>\n",
       "      <td>1680</td>\n",
       "      <td>8080</td>\n",
       "      <td>1.0</td>\n",
       "      <td>0</td>\n",
       "      <td>0</td>\n",
       "      <td>3</td>\n",
       "      <td>8</td>\n",
       "      <td>1680</td>\n",
       "      <td>0</td>\n",
       "      <td>1987</td>\n",
       "      <td>0</td>\n",
       "      <td>98074</td>\n",
       "      <td>47.6168</td>\n",
       "      <td>-122.045</td>\n",
       "    </tr>\n",
       "  </tbody>\n",
       "</table>\n",
       "</div>"
      ],
      "text/plain": [
       "   Unnamed: 0          id date_of_sale     price  bedrooms  bathrooms  \\\n",
       "0           0  7129300520   2014-10-13  221900.0         3       1.00   \n",
       "1           1  6414100192   2014-12-09  538000.0         3       2.25   \n",
       "2           2  5631500400   2015-02-25  180000.0         2       1.00   \n",
       "3           3  2487200875   2014-12-09  604000.0         4       3.00   \n",
       "4           4  1954400510   2015-02-18  510000.0         3       2.00   \n",
       "\n",
       "   sqft_living  sqft_lot  floors  waterfront  view  condition  grade  \\\n",
       "0         1180      5650     1.0           0     0          3      7   \n",
       "1         2570      7242     2.0           0     0          3      7   \n",
       "2          770     10000     1.0           0     0          3      6   \n",
       "3         1960      5000     1.0           0     0          5      7   \n",
       "4         1680      8080     1.0           0     0          3      8   \n",
       "\n",
       "   sqft_above  sqft_basement  yr_built  yr_renovated  zipcode      lat  \\\n",
       "0        1180              0      1955             0    98178  47.5112   \n",
       "1        2170            400      1951          1991    98125  47.7210   \n",
       "2         770              0      1933             0    98028  47.7379   \n",
       "3        1050            910      1965             0    98136  47.5208   \n",
       "4        1680              0      1987             0    98074  47.6168   \n",
       "\n",
       "      long  \n",
       "0 -122.257  \n",
       "1 -122.319  \n",
       "2 -122.233  \n",
       "3 -122.393  \n",
       "4 -122.045  "
      ]
     },
     "execution_count": 8,
     "metadata": {},
     "output_type": "execute_result"
    }
   ],
   "source": [
    "df.head()"
   ]
  },
  {
   "cell_type": "code",
   "execution_count": 9,
   "id": "5652b997",
   "metadata": {},
   "outputs": [
    {
     "name": "stdout",
     "output_type": "stream",
     "text": [
      "<class 'pandas.core.frame.DataFrame'>\n",
      "RangeIndex: 21613 entries, 0 to 21612\n",
      "Data columns (total 20 columns):\n",
      " #   Column         Non-Null Count  Dtype  \n",
      "---  ------         --------------  -----  \n",
      " 0   Unnamed: 0     21613 non-null  int64  \n",
      " 1   id             21613 non-null  int64  \n",
      " 2   date_of_sale   21613 non-null  object \n",
      " 3   price          21613 non-null  float64\n",
      " 4   bedrooms       21613 non-null  int64  \n",
      " 5   bathrooms      21613 non-null  float64\n",
      " 6   sqft_living    21613 non-null  int64  \n",
      " 7   sqft_lot       21613 non-null  int64  \n",
      " 8   floors         21613 non-null  float64\n",
      " 9   waterfront     21613 non-null  int64  \n",
      " 10  view           21613 non-null  int64  \n",
      " 11  condition      21613 non-null  int64  \n",
      " 12  grade          21613 non-null  int64  \n",
      " 13  sqft_above     21613 non-null  int64  \n",
      " 14  sqft_basement  21613 non-null  int64  \n",
      " 15  yr_built       21613 non-null  int64  \n",
      " 16  yr_renovated   21613 non-null  int64  \n",
      " 17  zipcode        21613 non-null  int64  \n",
      " 18  lat            21613 non-null  float64\n",
      " 19  long           21613 non-null  float64\n",
      "dtypes: float64(5), int64(14), object(1)\n",
      "memory usage: 3.3+ MB\n"
     ]
    }
   ],
   "source": [
    "df.info()"
   ]
  },
  {
   "cell_type": "code",
   "execution_count": 10,
   "id": "a9c8cd33",
   "metadata": {},
   "outputs": [
    {
     "data": {
      "text/plain": [
       "Unnamed: 0         int64\n",
       "id                 int64\n",
       "date_of_sale      object\n",
       "price            float64\n",
       "bedrooms           int64\n",
       "bathrooms        float64\n",
       "sqft_living        int64\n",
       "sqft_lot           int64\n",
       "floors           float64\n",
       "waterfront         int64\n",
       "view               int64\n",
       "condition          int64\n",
       "grade              int64\n",
       "sqft_above         int64\n",
       "sqft_basement      int64\n",
       "yr_built           int64\n",
       "yr_renovated       int64\n",
       "zipcode            int64\n",
       "lat              float64\n",
       "long             float64\n",
       "dtype: object"
      ]
     },
     "execution_count": 10,
     "metadata": {},
     "output_type": "execute_result"
    }
   ],
   "source": [
    "df.dtypes"
   ]
  },
  {
   "cell_type": "markdown",
   "id": "4f7e40e9",
   "metadata": {},
   "source": [
    "###  2.Correlation matrix"
   ]
  },
  {
   "cell_type": "code",
   "execution_count": 11,
   "id": "0e7c5991",
   "metadata": {},
   "outputs": [
    {
     "data": {
      "text/plain": [
       "Index(['Unnamed: 0', 'id', 'date_of_sale', 'price', 'bedrooms', 'bathrooms',\n",
       "       'sqft_living', 'sqft_lot', 'floors', 'waterfront', 'view', 'condition',\n",
       "       'grade', 'sqft_above', 'sqft_basement', 'yr_built', 'yr_renovated',\n",
       "       'zipcode', 'lat', 'long'],\n",
       "      dtype='object')"
      ]
     },
     "execution_count": 11,
     "metadata": {},
     "output_type": "execute_result"
    }
   ],
   "source": [
    "df.columns"
   ]
  },
  {
   "cell_type": "code",
   "execution_count": 12,
   "id": "7a14aace",
   "metadata": {},
   "outputs": [
    {
     "data": {
      "text/html": [
       "<div>\n",
       "<style scoped>\n",
       "    .dataframe tbody tr th:only-of-type {\n",
       "        vertical-align: middle;\n",
       "    }\n",
       "\n",
       "    .dataframe tbody tr th {\n",
       "        vertical-align: top;\n",
       "    }\n",
       "\n",
       "    .dataframe thead th {\n",
       "        text-align: right;\n",
       "    }\n",
       "</style>\n",
       "<table border=\"1\" class=\"dataframe\">\n",
       "  <thead>\n",
       "    <tr style=\"text-align: right;\">\n",
       "      <th></th>\n",
       "      <th>Unnamed: 0</th>\n",
       "      <th>id</th>\n",
       "      <th>price</th>\n",
       "      <th>bedrooms</th>\n",
       "      <th>bathrooms</th>\n",
       "      <th>sqft_living</th>\n",
       "      <th>sqft_lot</th>\n",
       "      <th>floors</th>\n",
       "      <th>waterfront</th>\n",
       "      <th>view</th>\n",
       "      <th>condition</th>\n",
       "      <th>grade</th>\n",
       "      <th>sqft_above</th>\n",
       "      <th>sqft_basement</th>\n",
       "      <th>yr_built</th>\n",
       "      <th>yr_renovated</th>\n",
       "      <th>zipcode</th>\n",
       "      <th>lat</th>\n",
       "      <th>long</th>\n",
       "    </tr>\n",
       "  </thead>\n",
       "  <tbody>\n",
       "    <tr>\n",
       "      <th>Unnamed: 0</th>\n",
       "      <td>1.000000</td>\n",
       "      <td>0.006718</td>\n",
       "      <td>0.027372</td>\n",
       "      <td>0.010794</td>\n",
       "      <td>0.107334</td>\n",
       "      <td>0.044717</td>\n",
       "      <td>-0.026877</td>\n",
       "      <td>0.179138</td>\n",
       "      <td>-0.007611</td>\n",
       "      <td>-0.013751</td>\n",
       "      <td>-0.095419</td>\n",
       "      <td>0.082050</td>\n",
       "      <td>0.071958</td>\n",
       "      <td>-0.041841</td>\n",
       "      <td>0.199549</td>\n",
       "      <td>-0.025601</td>\n",
       "      <td>-0.002199</td>\n",
       "      <td>0.000701</td>\n",
       "      <td>0.008649</td>\n",
       "    </tr>\n",
       "    <tr>\n",
       "      <th>id</th>\n",
       "      <td>0.006718</td>\n",
       "      <td>1.000000</td>\n",
       "      <td>-0.016762</td>\n",
       "      <td>0.001286</td>\n",
       "      <td>0.005160</td>\n",
       "      <td>-0.012258</td>\n",
       "      <td>-0.132109</td>\n",
       "      <td>0.018525</td>\n",
       "      <td>-0.002721</td>\n",
       "      <td>0.011592</td>\n",
       "      <td>-0.023783</td>\n",
       "      <td>0.008130</td>\n",
       "      <td>-0.010842</td>\n",
       "      <td>-0.005151</td>\n",
       "      <td>0.021380</td>\n",
       "      <td>-0.016907</td>\n",
       "      <td>-0.008224</td>\n",
       "      <td>-0.001891</td>\n",
       "      <td>0.020799</td>\n",
       "    </tr>\n",
       "    <tr>\n",
       "      <th>price</th>\n",
       "      <td>0.027372</td>\n",
       "      <td>-0.016762</td>\n",
       "      <td>1.000000</td>\n",
       "      <td>0.308350</td>\n",
       "      <td>0.525138</td>\n",
       "      <td>0.702035</td>\n",
       "      <td>0.089661</td>\n",
       "      <td>0.256794</td>\n",
       "      <td>0.266369</td>\n",
       "      <td>0.397293</td>\n",
       "      <td>0.036362</td>\n",
       "      <td>0.667434</td>\n",
       "      <td>0.605567</td>\n",
       "      <td>0.323816</td>\n",
       "      <td>0.054012</td>\n",
       "      <td>0.126434</td>\n",
       "      <td>-0.053203</td>\n",
       "      <td>0.307003</td>\n",
       "      <td>0.021626</td>\n",
       "    </tr>\n",
       "    <tr>\n",
       "      <th>bedrooms</th>\n",
       "      <td>0.010794</td>\n",
       "      <td>0.001286</td>\n",
       "      <td>0.308350</td>\n",
       "      <td>1.000000</td>\n",
       "      <td>0.515884</td>\n",
       "      <td>0.576671</td>\n",
       "      <td>0.031703</td>\n",
       "      <td>0.175429</td>\n",
       "      <td>-0.006582</td>\n",
       "      <td>0.079532</td>\n",
       "      <td>0.028472</td>\n",
       "      <td>0.356967</td>\n",
       "      <td>0.477600</td>\n",
       "      <td>0.303093</td>\n",
       "      <td>0.154178</td>\n",
       "      <td>0.018841</td>\n",
       "      <td>-0.152668</td>\n",
       "      <td>-0.008931</td>\n",
       "      <td>0.129473</td>\n",
       "    </tr>\n",
       "    <tr>\n",
       "      <th>bathrooms</th>\n",
       "      <td>0.107334</td>\n",
       "      <td>0.005160</td>\n",
       "      <td>0.525138</td>\n",
       "      <td>0.515884</td>\n",
       "      <td>1.000000</td>\n",
       "      <td>0.754665</td>\n",
       "      <td>0.087740</td>\n",
       "      <td>0.500653</td>\n",
       "      <td>0.063744</td>\n",
       "      <td>0.187737</td>\n",
       "      <td>-0.124982</td>\n",
       "      <td>0.664983</td>\n",
       "      <td>0.685342</td>\n",
       "      <td>0.283770</td>\n",
       "      <td>0.506019</td>\n",
       "      <td>0.050739</td>\n",
       "      <td>-0.203866</td>\n",
       "      <td>0.024573</td>\n",
       "      <td>0.223042</td>\n",
       "    </tr>\n",
       "    <tr>\n",
       "      <th>sqft_living</th>\n",
       "      <td>0.044717</td>\n",
       "      <td>-0.012258</td>\n",
       "      <td>0.702035</td>\n",
       "      <td>0.576671</td>\n",
       "      <td>0.754665</td>\n",
       "      <td>1.000000</td>\n",
       "      <td>0.172826</td>\n",
       "      <td>0.353949</td>\n",
       "      <td>0.103818</td>\n",
       "      <td>0.284611</td>\n",
       "      <td>-0.058753</td>\n",
       "      <td>0.762704</td>\n",
       "      <td>0.876597</td>\n",
       "      <td>0.435043</td>\n",
       "      <td>0.318049</td>\n",
       "      <td>0.055363</td>\n",
       "      <td>-0.199430</td>\n",
       "      <td>0.052529</td>\n",
       "      <td>0.240223</td>\n",
       "    </tr>\n",
       "    <tr>\n",
       "      <th>sqft_lot</th>\n",
       "      <td>-0.026877</td>\n",
       "      <td>-0.132109</td>\n",
       "      <td>0.089661</td>\n",
       "      <td>0.031703</td>\n",
       "      <td>0.087740</td>\n",
       "      <td>0.172826</td>\n",
       "      <td>1.000000</td>\n",
       "      <td>-0.005201</td>\n",
       "      <td>0.021604</td>\n",
       "      <td>0.074710</td>\n",
       "      <td>-0.008958</td>\n",
       "      <td>0.113621</td>\n",
       "      <td>0.183512</td>\n",
       "      <td>0.015286</td>\n",
       "      <td>0.053080</td>\n",
       "      <td>0.007644</td>\n",
       "      <td>-0.129574</td>\n",
       "      <td>-0.085683</td>\n",
       "      <td>0.229521</td>\n",
       "    </tr>\n",
       "    <tr>\n",
       "      <th>floors</th>\n",
       "      <td>0.179138</td>\n",
       "      <td>0.018525</td>\n",
       "      <td>0.256794</td>\n",
       "      <td>0.175429</td>\n",
       "      <td>0.500653</td>\n",
       "      <td>0.353949</td>\n",
       "      <td>-0.005201</td>\n",
       "      <td>1.000000</td>\n",
       "      <td>0.023698</td>\n",
       "      <td>0.029444</td>\n",
       "      <td>-0.263768</td>\n",
       "      <td>0.458183</td>\n",
       "      <td>0.523885</td>\n",
       "      <td>-0.245705</td>\n",
       "      <td>0.489319</td>\n",
       "      <td>0.006338</td>\n",
       "      <td>-0.059121</td>\n",
       "      <td>0.049614</td>\n",
       "      <td>0.125419</td>\n",
       "    </tr>\n",
       "    <tr>\n",
       "      <th>waterfront</th>\n",
       "      <td>-0.007611</td>\n",
       "      <td>-0.002721</td>\n",
       "      <td>0.266369</td>\n",
       "      <td>-0.006582</td>\n",
       "      <td>0.063744</td>\n",
       "      <td>0.103818</td>\n",
       "      <td>0.021604</td>\n",
       "      <td>0.023698</td>\n",
       "      <td>1.000000</td>\n",
       "      <td>0.401857</td>\n",
       "      <td>0.016653</td>\n",
       "      <td>0.082775</td>\n",
       "      <td>0.072075</td>\n",
       "      <td>0.080588</td>\n",
       "      <td>-0.026161</td>\n",
       "      <td>0.092885</td>\n",
       "      <td>0.030285</td>\n",
       "      <td>-0.014274</td>\n",
       "      <td>-0.041910</td>\n",
       "    </tr>\n",
       "    <tr>\n",
       "      <th>view</th>\n",
       "      <td>-0.013751</td>\n",
       "      <td>0.011592</td>\n",
       "      <td>0.397293</td>\n",
       "      <td>0.079532</td>\n",
       "      <td>0.187737</td>\n",
       "      <td>0.284611</td>\n",
       "      <td>0.074710</td>\n",
       "      <td>0.029444</td>\n",
       "      <td>0.401857</td>\n",
       "      <td>1.000000</td>\n",
       "      <td>0.045990</td>\n",
       "      <td>0.251321</td>\n",
       "      <td>0.167649</td>\n",
       "      <td>0.276947</td>\n",
       "      <td>-0.053440</td>\n",
       "      <td>0.103917</td>\n",
       "      <td>0.084827</td>\n",
       "      <td>0.006157</td>\n",
       "      <td>-0.078400</td>\n",
       "    </tr>\n",
       "    <tr>\n",
       "      <th>condition</th>\n",
       "      <td>-0.095419</td>\n",
       "      <td>-0.023783</td>\n",
       "      <td>0.036362</td>\n",
       "      <td>0.028472</td>\n",
       "      <td>-0.124982</td>\n",
       "      <td>-0.058753</td>\n",
       "      <td>-0.008958</td>\n",
       "      <td>-0.263768</td>\n",
       "      <td>0.016653</td>\n",
       "      <td>0.045990</td>\n",
       "      <td>1.000000</td>\n",
       "      <td>-0.144674</td>\n",
       "      <td>-0.158214</td>\n",
       "      <td>0.174105</td>\n",
       "      <td>-0.361417</td>\n",
       "      <td>-0.060618</td>\n",
       "      <td>0.003026</td>\n",
       "      <td>-0.014941</td>\n",
       "      <td>-0.106500</td>\n",
       "    </tr>\n",
       "    <tr>\n",
       "      <th>grade</th>\n",
       "      <td>0.082050</td>\n",
       "      <td>0.008130</td>\n",
       "      <td>0.667434</td>\n",
       "      <td>0.356967</td>\n",
       "      <td>0.664983</td>\n",
       "      <td>0.762704</td>\n",
       "      <td>0.113621</td>\n",
       "      <td>0.458183</td>\n",
       "      <td>0.082775</td>\n",
       "      <td>0.251321</td>\n",
       "      <td>-0.144674</td>\n",
       "      <td>1.000000</td>\n",
       "      <td>0.755923</td>\n",
       "      <td>0.168392</td>\n",
       "      <td>0.446963</td>\n",
       "      <td>0.014414</td>\n",
       "      <td>-0.184862</td>\n",
       "      <td>0.114084</td>\n",
       "      <td>0.198372</td>\n",
       "    </tr>\n",
       "    <tr>\n",
       "      <th>sqft_above</th>\n",
       "      <td>0.071958</td>\n",
       "      <td>-0.010842</td>\n",
       "      <td>0.605567</td>\n",
       "      <td>0.477600</td>\n",
       "      <td>0.685342</td>\n",
       "      <td>0.876597</td>\n",
       "      <td>0.183512</td>\n",
       "      <td>0.523885</td>\n",
       "      <td>0.072075</td>\n",
       "      <td>0.167649</td>\n",
       "      <td>-0.158214</td>\n",
       "      <td>0.755923</td>\n",
       "      <td>1.000000</td>\n",
       "      <td>-0.051943</td>\n",
       "      <td>0.423898</td>\n",
       "      <td>0.023285</td>\n",
       "      <td>-0.261190</td>\n",
       "      <td>-0.000816</td>\n",
       "      <td>0.343803</td>\n",
       "    </tr>\n",
       "    <tr>\n",
       "      <th>sqft_basement</th>\n",
       "      <td>-0.041841</td>\n",
       "      <td>-0.005151</td>\n",
       "      <td>0.323816</td>\n",
       "      <td>0.303093</td>\n",
       "      <td>0.283770</td>\n",
       "      <td>0.435043</td>\n",
       "      <td>0.015286</td>\n",
       "      <td>-0.245705</td>\n",
       "      <td>0.080588</td>\n",
       "      <td>0.276947</td>\n",
       "      <td>0.174105</td>\n",
       "      <td>0.168392</td>\n",
       "      <td>-0.051943</td>\n",
       "      <td>1.000000</td>\n",
       "      <td>-0.133124</td>\n",
       "      <td>0.071323</td>\n",
       "      <td>0.074845</td>\n",
       "      <td>0.110538</td>\n",
       "      <td>-0.144765</td>\n",
       "    </tr>\n",
       "    <tr>\n",
       "      <th>yr_built</th>\n",
       "      <td>0.199549</td>\n",
       "      <td>0.021380</td>\n",
       "      <td>0.054012</td>\n",
       "      <td>0.154178</td>\n",
       "      <td>0.506019</td>\n",
       "      <td>0.318049</td>\n",
       "      <td>0.053080</td>\n",
       "      <td>0.489319</td>\n",
       "      <td>-0.026161</td>\n",
       "      <td>-0.053440</td>\n",
       "      <td>-0.361417</td>\n",
       "      <td>0.446963</td>\n",
       "      <td>0.423898</td>\n",
       "      <td>-0.133124</td>\n",
       "      <td>1.000000</td>\n",
       "      <td>-0.224874</td>\n",
       "      <td>-0.346869</td>\n",
       "      <td>-0.148122</td>\n",
       "      <td>0.409356</td>\n",
       "    </tr>\n",
       "    <tr>\n",
       "      <th>yr_renovated</th>\n",
       "      <td>-0.025601</td>\n",
       "      <td>-0.016907</td>\n",
       "      <td>0.126434</td>\n",
       "      <td>0.018841</td>\n",
       "      <td>0.050739</td>\n",
       "      <td>0.055363</td>\n",
       "      <td>0.007644</td>\n",
       "      <td>0.006338</td>\n",
       "      <td>0.092885</td>\n",
       "      <td>0.103917</td>\n",
       "      <td>-0.060618</td>\n",
       "      <td>0.014414</td>\n",
       "      <td>0.023285</td>\n",
       "      <td>0.071323</td>\n",
       "      <td>-0.224874</td>\n",
       "      <td>1.000000</td>\n",
       "      <td>0.064357</td>\n",
       "      <td>0.029398</td>\n",
       "      <td>-0.068372</td>\n",
       "    </tr>\n",
       "    <tr>\n",
       "      <th>zipcode</th>\n",
       "      <td>-0.002199</td>\n",
       "      <td>-0.008224</td>\n",
       "      <td>-0.053203</td>\n",
       "      <td>-0.152668</td>\n",
       "      <td>-0.203866</td>\n",
       "      <td>-0.199430</td>\n",
       "      <td>-0.129574</td>\n",
       "      <td>-0.059121</td>\n",
       "      <td>0.030285</td>\n",
       "      <td>0.084827</td>\n",
       "      <td>0.003026</td>\n",
       "      <td>-0.184862</td>\n",
       "      <td>-0.261190</td>\n",
       "      <td>0.074845</td>\n",
       "      <td>-0.346869</td>\n",
       "      <td>0.064357</td>\n",
       "      <td>1.000000</td>\n",
       "      <td>0.267048</td>\n",
       "      <td>-0.564072</td>\n",
       "    </tr>\n",
       "    <tr>\n",
       "      <th>lat</th>\n",
       "      <td>0.000701</td>\n",
       "      <td>-0.001891</td>\n",
       "      <td>0.307003</td>\n",
       "      <td>-0.008931</td>\n",
       "      <td>0.024573</td>\n",
       "      <td>0.052529</td>\n",
       "      <td>-0.085683</td>\n",
       "      <td>0.049614</td>\n",
       "      <td>-0.014274</td>\n",
       "      <td>0.006157</td>\n",
       "      <td>-0.014941</td>\n",
       "      <td>0.114084</td>\n",
       "      <td>-0.000816</td>\n",
       "      <td>0.110538</td>\n",
       "      <td>-0.148122</td>\n",
       "      <td>0.029398</td>\n",
       "      <td>0.267048</td>\n",
       "      <td>1.000000</td>\n",
       "      <td>-0.135512</td>\n",
       "    </tr>\n",
       "    <tr>\n",
       "      <th>long</th>\n",
       "      <td>0.008649</td>\n",
       "      <td>0.020799</td>\n",
       "      <td>0.021626</td>\n",
       "      <td>0.129473</td>\n",
       "      <td>0.223042</td>\n",
       "      <td>0.240223</td>\n",
       "      <td>0.229521</td>\n",
       "      <td>0.125419</td>\n",
       "      <td>-0.041910</td>\n",
       "      <td>-0.078400</td>\n",
       "      <td>-0.106500</td>\n",
       "      <td>0.198372</td>\n",
       "      <td>0.343803</td>\n",
       "      <td>-0.144765</td>\n",
       "      <td>0.409356</td>\n",
       "      <td>-0.068372</td>\n",
       "      <td>-0.564072</td>\n",
       "      <td>-0.135512</td>\n",
       "      <td>1.000000</td>\n",
       "    </tr>\n",
       "  </tbody>\n",
       "</table>\n",
       "</div>"
      ],
      "text/plain": [
       "               Unnamed: 0        id     price  bedrooms  bathrooms  \\\n",
       "Unnamed: 0       1.000000  0.006718  0.027372  0.010794   0.107334   \n",
       "id               0.006718  1.000000 -0.016762  0.001286   0.005160   \n",
       "price            0.027372 -0.016762  1.000000  0.308350   0.525138   \n",
       "bedrooms         0.010794  0.001286  0.308350  1.000000   0.515884   \n",
       "bathrooms        0.107334  0.005160  0.525138  0.515884   1.000000   \n",
       "sqft_living      0.044717 -0.012258  0.702035  0.576671   0.754665   \n",
       "sqft_lot        -0.026877 -0.132109  0.089661  0.031703   0.087740   \n",
       "floors           0.179138  0.018525  0.256794  0.175429   0.500653   \n",
       "waterfront      -0.007611 -0.002721  0.266369 -0.006582   0.063744   \n",
       "view            -0.013751  0.011592  0.397293  0.079532   0.187737   \n",
       "condition       -0.095419 -0.023783  0.036362  0.028472  -0.124982   \n",
       "grade            0.082050  0.008130  0.667434  0.356967   0.664983   \n",
       "sqft_above       0.071958 -0.010842  0.605567  0.477600   0.685342   \n",
       "sqft_basement   -0.041841 -0.005151  0.323816  0.303093   0.283770   \n",
       "yr_built         0.199549  0.021380  0.054012  0.154178   0.506019   \n",
       "yr_renovated    -0.025601 -0.016907  0.126434  0.018841   0.050739   \n",
       "zipcode         -0.002199 -0.008224 -0.053203 -0.152668  -0.203866   \n",
       "lat              0.000701 -0.001891  0.307003 -0.008931   0.024573   \n",
       "long             0.008649  0.020799  0.021626  0.129473   0.223042   \n",
       "\n",
       "               sqft_living  sqft_lot    floors  waterfront      view  \\\n",
       "Unnamed: 0        0.044717 -0.026877  0.179138   -0.007611 -0.013751   \n",
       "id               -0.012258 -0.132109  0.018525   -0.002721  0.011592   \n",
       "price             0.702035  0.089661  0.256794    0.266369  0.397293   \n",
       "bedrooms          0.576671  0.031703  0.175429   -0.006582  0.079532   \n",
       "bathrooms         0.754665  0.087740  0.500653    0.063744  0.187737   \n",
       "sqft_living       1.000000  0.172826  0.353949    0.103818  0.284611   \n",
       "sqft_lot          0.172826  1.000000 -0.005201    0.021604  0.074710   \n",
       "floors            0.353949 -0.005201  1.000000    0.023698  0.029444   \n",
       "waterfront        0.103818  0.021604  0.023698    1.000000  0.401857   \n",
       "view              0.284611  0.074710  0.029444    0.401857  1.000000   \n",
       "condition        -0.058753 -0.008958 -0.263768    0.016653  0.045990   \n",
       "grade             0.762704  0.113621  0.458183    0.082775  0.251321   \n",
       "sqft_above        0.876597  0.183512  0.523885    0.072075  0.167649   \n",
       "sqft_basement     0.435043  0.015286 -0.245705    0.080588  0.276947   \n",
       "yr_built          0.318049  0.053080  0.489319   -0.026161 -0.053440   \n",
       "yr_renovated      0.055363  0.007644  0.006338    0.092885  0.103917   \n",
       "zipcode          -0.199430 -0.129574 -0.059121    0.030285  0.084827   \n",
       "lat               0.052529 -0.085683  0.049614   -0.014274  0.006157   \n",
       "long              0.240223  0.229521  0.125419   -0.041910 -0.078400   \n",
       "\n",
       "               condition     grade  sqft_above  sqft_basement  yr_built  \\\n",
       "Unnamed: 0     -0.095419  0.082050    0.071958      -0.041841  0.199549   \n",
       "id             -0.023783  0.008130   -0.010842      -0.005151  0.021380   \n",
       "price           0.036362  0.667434    0.605567       0.323816  0.054012   \n",
       "bedrooms        0.028472  0.356967    0.477600       0.303093  0.154178   \n",
       "bathrooms      -0.124982  0.664983    0.685342       0.283770  0.506019   \n",
       "sqft_living    -0.058753  0.762704    0.876597       0.435043  0.318049   \n",
       "sqft_lot       -0.008958  0.113621    0.183512       0.015286  0.053080   \n",
       "floors         -0.263768  0.458183    0.523885      -0.245705  0.489319   \n",
       "waterfront      0.016653  0.082775    0.072075       0.080588 -0.026161   \n",
       "view            0.045990  0.251321    0.167649       0.276947 -0.053440   \n",
       "condition       1.000000 -0.144674   -0.158214       0.174105 -0.361417   \n",
       "grade          -0.144674  1.000000    0.755923       0.168392  0.446963   \n",
       "sqft_above     -0.158214  0.755923    1.000000      -0.051943  0.423898   \n",
       "sqft_basement   0.174105  0.168392   -0.051943       1.000000 -0.133124   \n",
       "yr_built       -0.361417  0.446963    0.423898      -0.133124  1.000000   \n",
       "yr_renovated   -0.060618  0.014414    0.023285       0.071323 -0.224874   \n",
       "zipcode         0.003026 -0.184862   -0.261190       0.074845 -0.346869   \n",
       "lat            -0.014941  0.114084   -0.000816       0.110538 -0.148122   \n",
       "long           -0.106500  0.198372    0.343803      -0.144765  0.409356   \n",
       "\n",
       "               yr_renovated   zipcode       lat      long  \n",
       "Unnamed: 0        -0.025601 -0.002199  0.000701  0.008649  \n",
       "id                -0.016907 -0.008224 -0.001891  0.020799  \n",
       "price              0.126434 -0.053203  0.307003  0.021626  \n",
       "bedrooms           0.018841 -0.152668 -0.008931  0.129473  \n",
       "bathrooms          0.050739 -0.203866  0.024573  0.223042  \n",
       "sqft_living        0.055363 -0.199430  0.052529  0.240223  \n",
       "sqft_lot           0.007644 -0.129574 -0.085683  0.229521  \n",
       "floors             0.006338 -0.059121  0.049614  0.125419  \n",
       "waterfront         0.092885  0.030285 -0.014274 -0.041910  \n",
       "view               0.103917  0.084827  0.006157 -0.078400  \n",
       "condition         -0.060618  0.003026 -0.014941 -0.106500  \n",
       "grade              0.014414 -0.184862  0.114084  0.198372  \n",
       "sqft_above         0.023285 -0.261190 -0.000816  0.343803  \n",
       "sqft_basement      0.071323  0.074845  0.110538 -0.144765  \n",
       "yr_built          -0.224874 -0.346869 -0.148122  0.409356  \n",
       "yr_renovated       1.000000  0.064357  0.029398 -0.068372  \n",
       "zipcode            0.064357  1.000000  0.267048 -0.564072  \n",
       "lat                0.029398  0.267048  1.000000 -0.135512  \n",
       "long              -0.068372 -0.564072 -0.135512  1.000000  "
      ]
     },
     "execution_count": 12,
     "metadata": {},
     "output_type": "execute_result"
    }
   ],
   "source": [
    "# Create a correlation matrix using pandas\n",
    "\n",
    "df.corr()"
   ]
  },
  {
   "cell_type": "code",
   "execution_count": 13,
   "id": "52709bbe",
   "metadata": {},
   "outputs": [
    {
     "data": {
